#Colors
cols <- c("#8CB369", "#F4E285", "#4C8577","#F4A259", "#BC4B51")